Node	262	Element	462
0.0	0.0	0.0
0.0	5.0	0.0
0.0	10.0	0.0
0.0	15.0	10.0
0.0	20.0	10.0
0.0	25.0	0.0
0.0	30.0	0.0
0.0	35.0	0.0
0.0	40.0	0.0
0.0	45.0	0.0
0.0	50.0	0.0
4.649662017822266	6.742840766906738	0.0
4.460961818695068	27.370649337768555	0.0
4.221415996551514	41.95947265625	0.0
4.7145209312438965	12.224145889282227	10.0
5.411900043487549	37.425716400146484	0.0
4.593916893005371	32.208072662353516	0.0
4.583556175231934	17.461700439453125	10.0
4.474905967712402	22.47290802001953	0.0
5.0	0.0	0.0
5.0	50.0	0.0
6.705697059631348	45.731781005859375	0.0
8.420327186584473	4.066202163696289	0.0
8.777578353881836	33.8149299621582	0.0
8.913334846496582	29.637645721435547	0.0
9.290861129760742	14.973793029785156	10.0
8.78389835357666	24.90579605102539	0.0
9.021295547485352	20.09982681274414	10.0
8.989598274230957	41.640071868896484	0.0
10.0	0.0	0.0
10.0	50.0	0.0
9.763236045837402	9.16690444946289	0.0
11.3010835647583	37.35801696777344	0.0
12.023275375366211	45.79132843017578	0.0
12.637292861938477	22.77327537536621	0.0
13.19614028930664	27.081491470336914	0.0
13.668051719665527	32.44593811035156	0.0
12.688838958740234	4.421469211578369	0.0
13.305216789245605	12.878555297851562	10.0
14.274495124816895	41.57463836669922	0.0
15.0	0.0	0.0
15.0	50.0	0.0
15.273573875427246	8.862001419067383	0.0
16.685375213623047	37.24772262573242	0.0
17.82795524597168	23.767948150634766	0.0
17.347057342529297	28.95979118347168	0.0
14.357769012451172	18.0124568939209	10.0
17.170047760009766	45.80183410644531	0.0
17.676090240478516	4.434084892272949	0.0
19.456628799438477	33.0235595703125	0.0
17.841081619262695	13.3784761428833	10.0
19.478015899658203	41.60966873168945	0.0
20.0	0.0	0.0
20.0	50.0	0.0
22.58725357055664	28.48148536682129	0.0
20.36739730834961	8.893351554870605	0.0
21.934650421142578	37.475807189941406	0.0
20.58148193359375	18.21689224243164	10.0
22.2447566986084	45.835838317871094	0.0
22.726964950561523	4.428173065185547	0.0
24.51827049255371	33.53235626220703	0.0
23.16168975830078	13.40891170501709	10.0
24.089723587036133	22.852323532104492	0.0
24.559293746948242	41.72318649291992	0.0
25.0	0.0	0.0
25.0	50.0	0.0
27.037311553955078	30.554706573486328	0.0
25.525466918945312	8.8494873046875	0.0
26.911102294921875	37.71991729736328	0.0
26.21150016784668	17.882991790771484	10.0
27.261476516723633	45.880924224853516	0.0
27.83500862121582	26.68215560913086	0.0
27.793088912963867	4.3926777839660645	0.0
29.183643341064453	33.94065856933594	0.0
28.443910598754883	13.233804702758789	10.0
29.52633285522461	41.81813430786133	0.0
29.496122360229492	22.084577560424805	0.0
30.0	0.0	0.0
30.0	50.0	0.0
31.063249588012695	30.13876724243164	0.0
30.66023063659668	8.741127014160156	0.0
31.7452335357666	37.8310661315918	0.0
31.496929168701172	17.50339126586914	10.0
32.73741912841797	25.983394622802734	0.0
32.2387809753418	45.90900421142578	0.0
32.84611129760742	4.3378729820251465	0.0
33.82762908935547	33.869224548339844	0.0
33.60831069946289	13.018543243408203	10.0
34.44267272949219	41.845951080322266	0.0
34.60708236694336	21.60544776916504	0.0
35.0	0.0	0.0
35.0	50.0	0.0
35.75946044921875	29.804777145385742	0.0
35.74491882324219	8.615514755249023	0.0
36.58076858520508	37.79425048828125	0.0
36.61540222167969	17.19697380065918	10.0
37.202484130859375	45.90966033935547	0.0
37.66450881958008	25.586973190307617	0.0
37.87862777709961	4.278493881225586	0.0
38.63424301147461	33.70789337158203	0.0
38.68901062011719	12.82201862335205	10.0
39.362911224365234	41.81478500366211	0.0
39.632850646972656	21.279541015625	0.0
40.0	0.0	0.0
40.0	50.0	0.0
40.63047790527344	29.544614791870117	0.0
40.78751754760742	8.49609375	0.0
41.47251510620117	37.69822311401367	0.0
41.65876388549805	16.954736709594727	10.0
42.170753479003906	45.888824462890625	0.0
42.620418548583984	25.306217193603516	0.0
42.89331817626953	4.221991062164307	0.0
43.535186767578125	33.53814697265625	0.0
43.71946334838867	12.651651382446289	10.0
44.30863571166992	41.752899169921875	0.0
44.6313591003418	21.02882194519043	0.0
45.0	0.0	0.0
45.0	50.0	0.0
45.569522857666016	29.325624465942383	0.0
45.799896240234375	8.38779067993164	0.0
46.41370391845703	37.582801818847656	0.0
46.66471862792969	16.750980377197266	10.0
47.150638580322266	45.85613250732422	0.0
47.59408187866211	25.07353973388672	0.0
47.89387130737305	4.169981002807617	0.0
48.49093246459961	33.371299743652344	0.0
48.71690368652344	12.499412536621094	10.0
49.28144073486328	41.67753982543945	0.0
49.617393493652344	20.80945587158203	10.0
50.0	0.0	0.0
50.0	50.0	0.0
50.54612731933594	29.121484756469727	0.0
50.7881965637207	8.288293838500977	0.0
51.39358901977539	37.45985412597656	0.0
51.64427185058594	16.562978744506836	10.0
52.14303207397461	45.81794738769531	0.0
52.579498291015625	24.851003646850586	0.0
52.8817024230957	4.122097969055176	0.0
53.48735427856445	33.2010612487793	0.0
53.68458938598633	12.355571746826172	10.0
54.27899932861328	41.59628677368164	0.0
54.59006118774414	20.590478897094727	10.0
55.0	0.0	0.0
55.0	50.0	0.0
55.55502700805664	28.907451629638672	0.0
55.75189971923828	8.195338249206543	0.0
56.40885543823242	37.33091735839844	0.0
56.59141540527344	16.372716903686523	10.0
57.147029876708984	45.77800750732422	0.0
57.573692321777344	24.604463577270508	0.0
57.85602569580078	4.079127788543701	0.0
58.529075622558594	33.01610565185547	0.0
58.614234924316406	12.215108871459961	10.0
59.29975509643555	41.513885498046875	0.0
59.533260345458984	20.34282112121582	10.0
60.0	0.0	0.0
60.0	50.0	0.0
60.61361312866211	28.651155471801758	0.0
60.68609619140625	8.111992835998535	0.0
61.463802337646484	37.198734283447266	0.0
61.48115158081055	16.16963005065918	10.0
62.16018295288086	45.74006652832031	0.0
62.56965637207031	24.28420639038086	0.0
62.81612777709961	4.0453619956970215	0.0
63.64492416381836	32.8076057434082	0.0
63.48934555053711	12.085467338562012	10.0
64.33915710449219	41.439476013183594	0.0
64.39237213134766	20.0355167388916	10.0
65.0	0.0	0.0
65.0	50.0	0.0
65.80810546875	28.287185668945312	0.0
65.58821105957031	8.051483154296875	0.0
66.5602035522461	37.084468841552734	0.0
66.26502227783203	15.966032028198242	10.0
67.17485046386719	45.70905685424805	0.0
67.4954833984375	23.783952713012695	0.0
67.76602172851562	4.02947998046875	0.0
68.89353942871094	32.60786819458008	0.0
68.30021667480469	11.998310089111328	10.0
69.3754653930664	41.390567779541016	0.0
69.00811004638672	19.666122436523438	10.0
70.0	0.0	0.0
70.0	50.0	0.0
71.62992858886719	27.587982177734375	0.0
70.47056579589844	8.0380220413208	0.0
71.6432876586914	37.06230926513672	0.0
70.91744232177734	15.840689659118652	10.0
72.17390441894531	45.68415069580078	0.0
71.56307220458984	22.842174530029297	0.0
72.72074127197266	4.041835784912109	0.0
74.0733871459961	32.81720733642578	0.0
73.06945037841797	12.0076904296875	10.0
74.3605728149414	41.36368942260742	0.0
73.41356658935547	19.527734756469727	10.0
75.0	0.0	0.0
75.0	50.0	0.0
75.37782287597656	8.098934173583984	0.0
76.59538269042969	37.10960006713867	0.0
75.44669342041016	15.877570152282715	10.0
77.13209533691406	45.64142990112305	0.0
76.26677703857422	23.64444923400879	0.0
77.70954132080078	4.084348201751709	0.0
78.36953735351562	33.40256881713867	0.0
77.90264129638672	12.19199275970459	10.0
79.24247741699219	41.293697357177734	0.0
77.30717468261719	29.13225746154785	0.0
77.27751159667969	19.294584274291992	10.0
80.0	0.0	0.0
80.0	50.0	0.0
80.3930892944336	8.229252815246582	0.0
81.88182830810547	36.71754837036133	0.0
80.09796142578125	16.40193748474121	10.0
82.01517486572266	45.5068244934082	0.0
82.76510620117188	4.135818958282471	0.0
81.51302337646484	26.10491371154785	0.0
83.0295639038086	12.535913467407227	10.0
81.98876953125	31.235628128051758	0.0
81.16117095947266	21.0205020904541	0.0
83.46900939941406	41.422672271728516	0.0
85.0	0.0	0.0
85.0	50.0	0.0
85.5730209350586	8.32805061340332	0.0
87.2470474243164	44.682926177978516	0.0
85.76874542236328	17.490272521972656	10.0
86.95794677734375	38.91203308105469	0.0
86.31130981445312	28.40979766845703	0.0
86.04145050048828	23.186019897460938	0.0
86.54839324951172	33.645938873291016	0.0
87.91461944580078	4.173036098480225	0.0
88.44085693359375	12.573365211486816	10.0
90.0	0.0	0.0
90.0	50.0	0.0
90.89419555664062	8.320530891418457	0.0
91.17839050292969	35.88926315307617	0.0
90.80387878417969	25.5748348236084	0.0
90.6893539428711	20.515079498291016	10.0
91.42224884033203	41.11341857910156	0.0
90.91950988769531	16.198314666748047	10.0
90.97113800048828	30.710771560668945	0.0
91.8645248413086	45.82527542114258	0.0
93.255126953125	4.2536420822143555	0.0
95.0	0.0	0.0
95.0	50.0	0.0
95.53800201416016	32.91220474243164	0.0
95.23861694335938	17.84583282470703	10.0
95.63201141357422	38.04083251953125	0.0
95.36306762695312	22.79469108581543	0.0
95.65315246582031	43.32993698120117	0.0
94.45934295654297	12.566642761230469	10.0
95.72177124023438	8.02818489074707	0.0
95.44608306884766	27.832128524780273	0.0
100.0	0.0	0.0
100.0	5.0	0.0
100.0	10.0	0.0
100.0	15.0	10.0
100.0	20.0	10.0
100.0	25.0	0.0
100.0	30.0	0.0
100.0	35.0	0.0
100.0	40.0	0.0
100.0	45.0	0.0
100.0	50.0	0.0
0	19	1
1	19	11
1	11	2
2	11	14
2	14	3
3	14	17
3	17	4
4	17	18
4	18	5
5	18	12
5	12	6
6	12	16
6	16	7
7	16	15
7	15	8
8	15	13
8	13	9
9	13	21
9	21	20
9	20	10
11	19	22
11	22	31
11	31	14
12	18	26
12	26	24
12	24	16
13	15	28
13	28	21
14	31	25
14	25	17
15	16	23
15	23	32
15	32	28
16	24	23
17	25	27
17	27	18
18	27	26
19	29	22
20	21	30
21	28	33
21	33	30
22	29	37
22	37	31
23	24	36
23	36	32
24	26	35
24	35	36
25	31	38
25	38	46
25	46	27
26	27	34
26	34	35
27	46	34
28	32	39
28	39	33
29	40	37
30	33	41
31	37	42
31	42	38
32	36	43
32	43	39
33	39	47
33	47	41
34	46	44
34	44	35
35	44	45
35	45	36
36	45	49
36	49	43
37	40	48
37	48	42
38	42	50
38	50	46
39	43	51
39	51	47
40	52	48
41	47	53
42	48	55
42	55	50
43	49	56
43	56	51
44	46	57
44	57	62
44	62	54
44	54	45
45	54	49
46	50	57
47	51	58
47	58	53
48	52	59
48	59	55
49	54	60
49	60	56
50	55	61
50	61	57
51	56	63
51	63	58
52	64	59
53	58	65
54	62	71
54	71	66
54	66	60
55	59	67
55	67	61
56	60	68
56	68	63
57	61	69
57	69	62
58	63	70
58	70	65
59	64	72
59	72	67
60	66	73
60	73	68
61	67	74
61	74	69
62	69	76
62	76	71
63	68	75
63	75	70
64	77	72
65	70	78
66	71	79
66	79	73
67	72	80
67	80	74
68	73	81
68	81	75
69	74	82
69	82	76
70	75	84
70	84	78
71	76	83
71	83	79
72	77	85
72	85	80
73	79	86
73	86	81
74	80	87
74	87	82
75	81	88
75	88	84
76	82	89
76	89	83
77	90	85
78	84	91
79	83	92
79	92	86
80	85	93
80	93	87
81	86	94
81	94	88
82	87	95
82	95	89
83	89	97
83	97	92
84	88	96
84	96	91
85	90	98
85	98	93
86	92	99
86	99	94
87	93	100
87	100	95
88	94	101
88	101	96
89	95	102
89	102	97
90	103	98
91	96	104
92	97	105
92	105	99
93	98	106
93	106	100
94	99	107
94	107	101
95	100	108
95	108	102
96	101	109
96	109	104
97	102	110
97	110	105
98	103	111
98	111	106
99	105	112
99	112	107
100	106	113
100	113	108
101	107	114
101	114	109
102	108	115
102	115	110
103	116	111
104	109	117
105	110	118
105	118	112
106	111	119
106	119	113
107	112	120
107	120	114
108	113	121
108	121	115
109	114	122
109	122	117
110	115	123
110	123	118
111	116	124
111	124	119
112	118	125
112	125	120
113	119	126
113	126	121
114	120	127
114	127	122
115	121	128
115	128	123
116	129	124
117	122	130
118	123	131
118	131	125
119	124	132
119	132	126
120	125	133
120	133	127
121	126	134
121	134	128
122	127	135
122	135	130
123	128	136
123	136	131
124	129	137
124	137	132
125	131	138
125	138	133
126	132	139
126	139	134
127	133	140
127	140	135
128	134	141
128	141	136
129	142	137
130	135	143
131	136	144
131	144	138
132	137	145
132	145	139
133	138	146
133	146	140
134	139	147
134	147	141
135	140	148
135	148	143
136	141	149
136	149	144
137	142	150
137	150	145
138	144	151
138	151	146
139	145	152
139	152	147
140	146	153
140	153	148
141	147	154
141	154	149
142	155	150
143	148	156
144	149	157
144	157	151
145	150	158
145	158	152
146	151	159
146	159	153
147	152	160
147	160	154
148	153	161
148	161	156
149	154	162
149	162	157
150	155	163
150	163	158
151	157	164
151	164	159
152	158	165
152	165	160
153	159	166
153	166	161
154	160	167
154	167	162
155	168	163
156	161	169
157	162	170
157	170	164
158	163	171
158	171	165
159	164	172
159	172	166
160	165	173
160	173	167
161	166	174
161	174	169
162	167	175
162	175	170
163	168	176
163	176	171
164	170	177
164	177	172
165	171	178
165	178	173
166	172	179
166	179	174
167	173	180
167	180	175
168	181	176
169	174	182
170	175	183
170	183	177
171	176	184
171	184	178
172	177	185
172	185	179
173	178	186
173	186	180
174	179	187
174	187	182
175	180	188
175	188	183
176	181	189
176	189	184
177	183	190
177	190	185
178	184	191
178	191	186
179	185	192
179	192	187
180	186	193
180	193	188
181	194	189
182	187	195
183	188	200
183	200	205
183	205	190
184	189	196
184	196	191
185	190	197
185	197	192
186	191	198
186	198	193
187	192	199
187	199	195
188	193	200
189	194	201
189	201	196
190	205	202
190	202	197
191	196	203
191	203	198
192	197	204
192	204	199
193	198	206
193	206	200
194	207	201
195	199	208
196	201	209
196	209	203
197	202	210
197	210	204
198	203	211
198	211	206
199	204	212
199	212	208
200	206	217
200	217	214
200	214	205
201	207	213
201	213	209
202	205	216
202	216	210
203	209	215
203	215	211
204	210	218
204	218	212
205	214	216
206	211	217
207	219	213
208	212	220
209	213	221
209	221	215
210	216	227
210	227	224
210	224	218
211	215	223
211	223	217
212	218	222
212	222	220
213	219	228
213	228	221
214	217	226
214	226	225
214	225	216
215	221	229
215	229	223
216	225	227
217	223	226
218	224	222
219	230	228
220	222	231
221	228	232
221	232	229
222	224	236
222	236	239
222	239	231
223	229	237
223	237	235
223	235	226
224	227	233
224	233	236
225	226	234
225	234	238
225	238	227
226	235	234
227	238	233
228	230	240
228	240	232
229	232	248
229	248	237
230	241	240
231	239	242
232	240	249
232	249	248
233	238	243
233	243	245
233	245	236
234	235	246
234	246	250
234	250	238
235	237	244
235	244	246
236	245	247
236	247	239
237	248	244
238	250	243
239	247	242
240	241	252
240	252	249
241	251	252
242	247	260
242	260	261
243	250	257
243	257	258
243	258	245
244	248	254
244	254	255
244	255	246
245	258	259
245	259	247
246	255	256
246	256	250
247	259	260
248	249	253
248	253	254
249	252	253
250	256	257
